r = 10
[array([[   0,    0,    0,    0, 2444, 2624],
       [   0,    0,    0, 2556, 2512,    0],
       [   0,    0, 2070, 1431,    0, 1567],
       [   0, 2070, 1380,  741,    0,  877],
       [2520, 1485,  795,  156,  112,    0],
       [2548, 1513,  823,  184,    0,    0]]), array([[    0,     0,     0,     0, 10565, 10519],
       [    0,     0,     0,  8056,  6537,  6491],
       [    0,     0, 11247,  4307,  2788,  2742],
       [    0,  7018,  9837,  2897,     0,  1332],
       [10343,  6834,     0,  2713,  1194,     0],
       [10741,  7232,     0,  3111,     0,     0]]), array([[   0,    0,    0,    0, 5095, 4663],
       [   0,    0,    0, 2896, 3647, 3215],
       [   0,    0, 5241, 4517,    0,    0],
       [   0, 4032, 2285, 1561,    0, 1880],
       [4752, 2736,  989,  265, 1016,    0],
       [5006, 2990, 1243,  519,    0,    0]]), array([[    0,     0,     0,     0, 21130, 21038],
       [    0,     0,     0, 16112, 13074, 12982],
       [    0,     0, 22494,  8614,  5576,  5484],
       [    0, 14036, 19674,  5794,     0,  2664],
       [20686, 13668,     0,  5426,  2388,     0],
       [21482, 14464,     0,  6222,     0,     0]]), array([[    0,     0,     0,     0, 10190,  9326],
       [    0,     0,     0,  5792,  7294,  6430],
       [    0,     0, 10482,  9034,     0,     0],
       [    0,  8064,  4570,  3122,     0,  3760],
       [ 9504,  5472,  1978,   530,  2032,     0],
       [10012,  5980,  2486,  1038,     0,     0]]), array([[    0,     0,     0,     0,  6289, 10307],
       [    0,     0,     0,  8632,  7964,     0],
       [    0,     0,  5097,  2939,  2271,  6289],
       [    0,  7384,  5685,  3527,     0,     0],
       [ 8289,  4597,  2898,   740,    72,     0],
       [ 8307,  4615,  2916,   758,     0,     0]]), array([[   0,    0,    0,    0, 3186, 3226],
       [   0,    0,    0, 2630, 1871, 1911],
       [   0,    0, 1908, 1994, 1235, 1275],
       [   0, 3524, 2888,    0,    0,    0],
       [3191, 1429,  793,  879,  120,    0],
       [3221, 1459,  823,  909,    0,    0]]), array([[   0,    0,    0,    0, 3501, 3511],
       [   0,    0,    0, 2722, 2140, 2150],
       [   0,    0, 2397, 1923, 1341, 1351],
       [   0, 3028, 2229, 1755,    0,    0],
       [3399, 1885, 1086,  612,   30,    0],
       [3613, 2099, 1300,    0,    0,    0]]), array([[   0,    0,    0,    0, 7002, 7022],
       [   0,    0,    0, 5444, 4280, 4300],
       [   0,    0, 4794, 3846, 2682, 2702],
       [   0, 6056, 4458, 3510,    0,    0],
       [6798, 3770, 2172, 1224,   60,    0],
       [7226, 4198, 2600,    0,    0,    0]]), array([[    0,     0,     0,     0, 10339, 10361],
       [    0,     0,     0,  7618,  6530,  6552],
       [    0,     0,  8295,  4853,  3765,  3787],
       [    0,  8524,  7809,  4367,     0,     0],
       [ 9573,  5311,  4596,  1154,    66,     0],
       [11127,  6865,     0,  2708,     0,     0]]), array([[    0,     0,     0,     0, 20678, 20722],
       [    0,     0,     0, 15236, 13060, 13104],
       [    0,     0, 16590,  9706,  7530,  7574],
       [    0, 17048, 15618,  8734,     0,     0],
       [19146, 10622,  9192,  2308,   132,     0],
       [22254, 13730,     0,  5416,     0,     0]]), array([[   0,    0,    0,    0, 3587, 4891],
       [   0,    0,    0, 2608, 2283, 3587],
       [   0,    0, 3369, 2717, 2392,    0],
       [   0, 3792, 2669, 2017,    0,    0],
       [4212, 2316, 1193,  541,  216,    0],
       [4266, 2370, 1247,  595,    0,    0]]), array([[   0,    0,    0,    0, 7174, 9782],
       [   0,    0,    0, 5216, 4566, 7174],
       [   0,    0, 6738, 5434, 4784,    0],
       [   0, 7584, 5338, 4034,    0,    0],
       [8424, 4632, 2386, 1082,  432,    0],
       [8532, 4740, 2494, 1190,    0,    0]])]

r=13 /14
[array([[10525, 10943,     0,     0,     0,     0],
       [ 6315,  6733,  8420,     0,     0,     0],
       [ 2486,  2904,  4591, 11487,     0,     0],
       [  980,     0,  3085,  9981,  7422,     0],
       [  692,     0,  2797,     0,  7134, 10845],
       [  470,   888,  2575,     0,  6912, 10623]]), array([[21050, 21886,     0,     0,     0,     0],
       [12630, 13466, 16840,     0,     0,     0],
       [ 4972,  5808,  9182, 22974,     0,     0],
       [ 1960,     0,  6170, 19962, 14844,     0],
       [ 1384,     0,  5594,     0, 14268, 21690],
       [  940,  1776,  5150,     0, 13824, 21246]])]

r=13 /15
[array([[176, 173,   0,   0,   0,   0],
       [  0, 173, 176,   0,   0,   0],
       [ 94,   0,  94, 161,   0,   0],
       [ 48,   0,  48, 115, 138,   0],
       [ 25,   0,  25,   0, 115, 184],
       [  6,   3,   6,  73,  96, 165]]), array([[2374, 2374,    0,    0,    0,    0],
       [1499, 1499, 1750,    0,    0,    0],
       [ 864,  864, 1115, 1905,    0,    0],
       [   0,    0, 1001, 1791, 1956,    0],
       [   0,    0,  620,    0, 1575, 2553],
       [  11,   11,  262, 1052, 1217, 2195]]), array([[1430, 1655,    0,    0,    0,    0],
       [ 946, 1171,  968,    0,    0,    0],
       [   0,    0, 1342, 1743,    0,    0],
       [ 462,    0,  484,  885, 1254,    0],
       [ 213,    0,  235,    0, 1005, 1632],
       [  34,  259,   56,  457,  826, 1453]]), array([[104, 106,   0,   0,   0,   0],
       [ 63,  65,  82,   0,   0,   0],
       [ 35,  37,  54,  84,   0,   0],
       [  0,   0,  47,  77,  86,   0],
       [  8,   0,  27,   0,  66, 109],
       [  0,   2,   0,  49,  58, 101]]), array([[10005, 10277,     0,     0,     0,     0],
       [ 6050,  6322,  7910,     0,     0,     0],
       [ 2434,  2706,  4294, 10848,     0,     0],
       [ 1020,     0,  2880,  9434,  6948,     0],
       [  773,     0,  2633,     0,  6701, 10175],
       [    0,   977,  2565,     0,  6633, 10107]]), array([[4489, 4611,    0,    0,    0,    0],
       [2728, 2850, 3522,    0,    0,    0],
       [1108, 1230, 1902, 4860,    0,    0],
       [ 488,    0, 1282, 4240, 3090,    0],
       [   0,    0, 1313,    0, 3121, 4666],
       [ 287,  409, 1081,    0, 2889, 4434]]), array([[912, 932,   0,   0,   0,   0],
       [557, 577, 710,   0,   0,   0],
       [235, 255, 388, 966,   0,   0],
       [  0,   0, 300, 878, 666,   0],
       [ 80,   0, 233,   0, 599, 932],
       [ 60,  80, 213,   0, 579, 912]]), array([[ 9634,  9304,     0,     0,     0,     0],
       [ 6029,  5699,  7210,     0,     0,     0],
       [    0,  3399,  4910, 10629,     0,     0],
       [ 1409,     0,  2590,  8309,  6630,     0],
       [ 1000,     0,  2181,     0,  6221,  9536],
       [  866,   536,  2047,     0,  6087,  9402]]), array([[685, 743,   0,   0,   0,   0],
       [411, 469, 548,   0,   0,   0],
       [158, 216, 295, 759,   0,   0],
       [ 68,   0, 205, 669, 486,   0],
       [ 53,   0, 190,   0, 471, 714],
       [ 53,   0, 190,   0, 471, 714]]), array([[115, 137,   0,   0,   0,   0],
       [ 69,  91,  92,   0,   0,   0],
       [ 44,   0,  67, 141,   0,   0],
       [ 14,   0,  37, 111,  90,   0],
       [  8,   0,  31,   0,  84, 129],
       [  2,  24,  25,   0,  78, 123]]), array([[19350, 19969,     0,     0,     0,     0],
       [11095, 11714, 16510,     0,     0,     0],
       [ 4088,  4707,  9503, 21021,     0,     0],
       [ 1365,     0,  6780, 18298, 12876,     0],
       [ 1111,     0,  6526,     0, 12622, 19060],
       [ 2310,  2929,     0,     0, 13821, 20259]]), array([[17459, 18572,     0,     0,     0,     0],
       [ 9916, 11029, 15086,     0,     0,     0],
       [ 3528,  4641,  8698, 19164,     0,     0],
       [ 1231,     0,  6401, 16867, 11532,     0],
       [ 3221,     0,     0,     0, 13522, 19288],
       [  676,  1789,  5846,     0, 10977, 16743]]), array([[17670, 18817,     0,     0,     0,     0],
       [ 9985, 11132, 15370,     0,     0,     0],
       [ 3899,  5046,  9284, 18258,     0,     0],
       [ 3870,     0,     0, 18229, 14388,     0],
       [  718,     0,  6103,     0, 11236, 18430],
       [  345,  1492,  5730,     0, 10863, 18057]]), array([[2198, 2250,    0,    0,    0,    0],
       [1277, 1329, 1842,    0,    0,    0],
       [ 663,  715, 1228, 1842,    0,    0],
       [ 146,    0,  711, 1325, 2266,    0],
       [  62,    0,    0,    0, 2182, 2204],
       [ 102,  154,  667, 1281,    0, 2244]]), array([[4748, 4748,    0,    0,    0,    0],
       [2998, 2998, 3500,    0,    0,    0],
       [1728, 1728, 2230, 3810,    0,    0],
       [   0,    0, 2002, 3582, 3912,    0],
       [   0,    0, 1240,    0, 3150, 5106],
       [  22,   22,  524, 2104, 2434, 4390]]), array([[208, 212,   0,   0,   0,   0],
       [126, 130, 164,   0,   0,   0],
       [ 70,  74, 108, 168,   0,   0],
       [  0,   0,  94, 154, 172,   0],
       [ 16,   0,  54,   0, 132, 218],
       [  0,   4,   0,  98, 116, 202]]), array([[2860, 3310,    0,    0,    0,    0],
       [1892, 2342, 1936,    0,    0,    0],
       [   0,    0, 2684, 3486,    0,    0],
       [ 924,    0,  968, 1770, 2508,    0],
       [ 426,    0,  470,    0, 2010, 3264],
       [  68,  518,  112,  914, 1652, 2906]]), array([[20010, 20554,     0,     0,     0,     0],
       [12100, 12644, 15820,     0,     0,     0],
       [ 4868,  5412,  8588, 21696,     0,     0],
       [ 2040,     0,  5760, 18868, 13896,     0],
       [ 1546,     0,  5266,     0, 13402, 20350],
       [    0,  1954,  5130,     0, 13266, 20214]]), array([[8978, 9222,    0,    0,    0,    0],
       [5456, 5700, 7044,    0,    0,    0],
       [2216, 2460, 3804, 9720,    0,    0],
       [ 976,    0, 2564, 8480, 6180,    0],
       [   0,    0, 2626,    0, 6242, 9332],
       [ 574,  818, 2162,    0, 5778, 8868]]), array([[1824, 1864,    0,    0,    0,    0],
       [1114, 1154, 1420,    0,    0,    0],
       [ 470,  510,  776, 1932,    0,    0],
       [   0,    0,  600, 1756, 1332,    0],
       [ 160,    0,  466,    0, 1198, 1864],
       [ 120,  160,  426,    0, 1158, 1824]]), array([[19268, 18608,     0,     0,     0,     0],
       [12058, 11398, 14420,     0,     0,     0],
       [    0,  6798,  9820, 21258,     0,     0],
       [ 2818,     0,  5180, 16618, 13260,     0],
       [ 2000,     0,  4362,     0, 12442, 19072],
       [ 1732,  1072,  4094,     0, 12174, 18804]]), array([[1370, 1486,    0,    0,    0,    0],
       [ 822,  938, 1096,    0,    0,    0],
       [ 316,  432,  590, 1518,    0,    0],
       [ 136,    0,  410, 1338,  972,    0],
       [ 106,    0,  380,    0,  942, 1428],
       [ 106,    0,  380,    0,  942, 1428]]), array([[38700, 39938,     0,     0,     0,     0],
       [22190, 23428, 33020,     0,     0,     0],
       [ 8176,  9414, 19006, 42042,     0,     0],
       [ 2730,     0, 13560, 36596, 25752,     0],
       [ 2222,     0, 13052,     0, 25244, 38120],
       [ 4620,  5858,     0,     0, 27642, 40518]]), array([[230, 274,   0,   0,   0,   0],
       [138, 182, 184,   0,   0,   0],
       [ 88,   0, 134, 282,   0,   0],
       [ 28,   0,  74, 222, 180,   0],
       [ 16,   0,  62,   0, 168, 258],
       [  4,  48,  50,   0, 156, 246]]), array([[34918, 37144,     0,     0,     0,     0],
       [19832, 22058, 30172,     0,     0,     0],
       [ 7056,  9282, 17396, 38328,     0,     0],
       [ 2462,     0, 12802, 33734, 23064,     0],
       [ 6442,     0,     0,     0, 27044, 38576],
       [ 1352,  3578, 11692,     0, 21954, 33486]])]

r=12/12
array([[15534, 16499,     0,     0,     0,     0],
       [ 4661,  5626,  9175, 12571,     0,     0],
       [ 3371,  4336,  7885,     0, 16441,     0],
       [ 2522,  3487,     0, 10432, 15592,     0],
       [ 4825,     0,  9339,     0,     0, 17869],
       [ 1120,  2085,  5634,  9030,     0, 14164]])
